"";"2000";"3000";"5000";"2000";"3000";"5000";"2000";"3000";"5000"
"0.4";5,9;5,3;5,8;32,2;27,4;24,1;4,7;5,3;5
"0.45";5,9;5,9;5,4;30,3;26,1;23,8;5,2;4,2;5,9
"0.5";6;6,2;5,1;32;27,3;23,2;5,3;4,6;4,2
"0.55";6,7;5,4;3,9;35;26,9;24,2;4,5;4,9;5,5
"0.6";5,9;5;5,9;32,4;29,1;24,2;5,1;5;4,7
"0.65";5,4;5,9;5,1;36,2;28,3;24,4;5,4;4,6;4,8
"0.7";6,2;6;4,8;38,5;32;26,6;6,3;5,4;5,8
"0.75";5,7;5,1;6,3;43;36,6;29,9;5,2;5,7;5,1
"0.8";6,3;6,2;4,8;51,6;41,3;32,4;6,2;5,2;5
"0.85";6,2;5,3;4,3;59,4;49,5;39,6;7,4;5,6;5,8
"0.9";7,2;5,1;6,3;76,1;66,3;54,5;9,3;7,6;6,7
